,11125830071,11160226728,alfns8,beafernandezcampos,dleon692,ines.suso,luispisito,mariopirey,nerea.couceiro
11125830071,1.0,0.0,0.024541650968312068,0.0,0.0,0.08927589597426233,0.0,0.06329702194821252,0.0
11160226728,0.0,1.0,0.0,0.0,0.0,0.0,0.0,0.0,0.0
alfns8,0.024541650968312068,0.0,1.0,0.0,0.0,0.0,0.03158660432939464,0.039492548869659916,0.0
beafernandezcampos,0.0,0.0,0.0,1.0,0.0,0.0,0.0,0.0,0.0
dleon692,0.0,0.0,0.0,0.0,1.0,0.0,0.0,0.0,0.0
ines.suso,0.08927589597426233,0.0,0.0,0.0,0.0,1.0,0.0,0.0,0.0
luispisito,0.0,0.0,0.03158660432939464,0.0,0.0,0.0,1.0,0.0,0.0
mariopirey,0.06329702194821252,0.0,0.039492548869659916,0.0,0.0,0.0,0.0,1.0,0.0
nerea.couceiro,0.0,0.0,0.0,0.0,0.0,0.0,0.0,0.0,1.0
