,11125830071,11160226728,1196878544,1199620305,alfns8,dleon692,ines.suso,luispisito,manu10fr,mariopirey,nerea.couceiro,pulpy599
11125830071,1.0,0.03624222887806583,0.006882509371943457,0.0,0.08044137749387292,0.0,0.09105197563640988,0.009019026562894883,0.0,0.04339383654934292,0.0,0.09002105091016332
11160226728,0.03624222887806583,1.0,0.023971981142511423,0.02552781967692197,0.0,0.0,0.0,0.0,0.0,0.0,0.0,0.078386487334275
1196878544,0.006882509371943457,0.023971981142511423,1.0,0.0,0.022884718276156568,0.0,0.0,0.019089681082644416,0.0,0.012192138046996037,0.0,0.05245483689495323
1199620305,0.0,0.02552781967692197,0.0,1.0,0.0,0.0,0.0,0.024394376091185777,0.0,0.0,0.0,0.0
alfns8,0.08044137749387292,0.0,0.022884718276156568,0.0,1.0,0.0,0.0,0.017993252535919768,0.0,0.01915312413048853,0.0,0.03741561176437802
dleon692,0.0,0.0,0.0,0.0,0.0,1.0,0.0,0.0,0.0,0.0,0.0,0.0
ines.suso,0.09105197563640988,0.0,0.0,0.0,0.0,0.0,1.0,0.0,0.0,0.0,0.0,0.0
luispisito,0.009019026562894883,0.0,0.019089681082644416,0.024394376091185777,0.017993252535919768,0.0,0.0,1.0,0.0,0.0,0.0,0.0111467412987587
manu10fr,0.0,0.0,0.0,0.0,0.0,0.0,0.0,0.0,1.0,0.0,0.0,0.0
mariopirey,0.04339383654934292,0.0,0.012192138046996037,0.0,0.01915312413048853,0.0,0.0,0.0,0.0,1.0,0.0,0.0
nerea.couceiro,0.0,0.0,0.0,0.0,0.0,0.0,0.0,0.0,0.0,0.0,1.0,0.0
pulpy599,0.09002105091016332,0.078386487334275,0.05245483689495323,0.0,0.03741561176437802,0.0,0.0,0.0111467412987587,0.0,0.0,0.0,1.0

